SLOPE: 19.5371328832
INTERCEPT: 4.99590918931
