SLOPE: 2.226513563
INTERCEPT: -2.86536206958
